1 1 1 3 1 1 1 2019 1 2019 B TIME  0 227.945 60.5889 24.0363 11.6225 1.78419 1.72593 0.112527 0.0804982 0.0301518 0.0024444 0.0017108 0.000504947 6.83904e-05 4.69209e-05 8.73815e-06
1 1 1 3 1 1 1 2019 1 2019.12 M TIME  0 212.454 54.5754 20.7631 9.83529 1.50397 1.46125 0.0958687 0.0689754 0.0259548 0.00211155 0.00148175 0.000438202 5.94377e-05 4.08237e-05 7.61421e-06
1 1 1 3 1 1 1 2019 2 2019.25 B TIME  0 198.016 49.1587 17.9357 8.3229 1.26776 1.23716 0.0816768 0.0591021 0.022342 0.00182403 0.00128336 0.00038028 5.16571e-05 3.55188e-05 6.63484e-06
1 1 1 3 1 1 1 2019 2 2019.38 M TIME  0 182.95 43.7091 15.3571 6.99245 1.05945 1.0365 0.0687758 0.0500253 0.0189956 0.00155644 0.00109818 0.000326119 4.43737e-05 3.05498e-05 5.71684e-06
1 1 1 3 1 1 1 2019 3 2019.5 B TIME  215.884 169.03 38.8637 13.1492 5.87468 0.885373 0.868379 0.0579125 0.0423425 0.0161504 0.0013281 0.000939726 0.000279671 3.81173e-05 2.62759e-05 4.92586e-06
1 1 1 3 1 1 1 2019 3 2019.62 M TIME  201.79 155.758 34.984 11.6452 5.16121 0.774212 0.757966 0.05052 0.0369349 0.0140894 0.0011588 0.000820064 0.000244092 3.32718e-05 2.29377e-05 4.30065e-06
1 1 1 3 1 1 1 2019 4 2019.75 B TIME  188.616 143.529 31.4917 10.3131 4.53438 0.677007 0.661592 0.0440711 0.0322179 0.0122914 0.00101108 0.000715639 0.000213039 2.90423e-05 2.00237e-05 3.7548e-06
1 1 1 3 1 1 1 2019 4 2019.88 M TIME  176.032 130.428 27.78 8.96342 3.93156 0.587715 0.575976 0.0384752 0.0281911 0.0107738 0.000887401 0.000628702 0.000187293 2.55461e-05 1.76203e-05 3.30588e-06
1 1 1 3 1 1 1 2020 1 2020 B TIME  0 164.287 118.523 24.5059 7.79034 3.40889 0.5102 0.501439 0.0335898 0.0246675 0.00944363 0.000778848 0.000552327 0.000164658 2.24708e-05 1.84159e-05
1 1 1 3 1 1 1 2020 1 2020.12 M TIME  0 153.548 107.134 21.1741 6.58287 2.87101 0.432203 0.428062 0.0288725 0.0213195 0.00819583 0.000678037 0.000481947 0.000143924 1.96666e-05 1.61463e-05
1 1 1 3 1 1 1 2020 2 2020.25 B TIME  0 143.51 96.8397 18.2953 5.56256 2.418 0.36613 0.365421 0.0248177 0.0184259 0.0071129 0.000590275 0.000420536 0.000125801 1.72124e-05 1.41564e-05
1 1 1 3 1 1 1 2020 2 2020.38 M TIME  0 133.77 88.3853 16.3306 4.90521 2.12155 0.321229 0.321198 0.0218629 0.0162654 0.00628959 0.00052266 0.000372759 0.0001116 1.52789e-05 1.25774e-05
1 1 1 3 1 1 1 2020 3 2020.5 B TIME  263.519 124.691 80.669 14.5769 4.32553 1.86145 0.281836 0.282326 0.0192599 0.0143582 0.00556158 0.000462791 0.00033041 9.90023e-05 1.35627e-05 1.11745e-05
1 1 1 3 1 1 1 2020 3 2020.62 M TIME  246.316 115.87 73.8479 13.1859 3.8872 1.66528 0.251604 0.251803 0.0171706 0.0127985 0.00495716 0.000412492 0.000294502 8.82444e-05 1.20891e-05 9.96077e-06
1 1 1 3 1 1 1 2020 4 2020.75 B TIME  230.236 107.673 67.6036 11.9275 3.49328 1.48978 0.224615 0.22458 0.015308 0.0114082 0.00441843 0.00036766 0.000262496 7.86554e-05 1.07756e-05 8.87885e-06
1 1 1 3 1 1 1 2020 4 2020.88 M TIME  215.041 99.047 60.9743 10.6553 3.1166 1.32963 0.200779 0.201065 0.0137231 0.0102374 0.00396793 0.000330358 0.000235962 7.07268e-05 9.6917e-06 7.98821e-06
1 1 1 3 1 1 1 2021 1 2021 B FORE  0 200.848 91.1123 54.9952 9.51876 2.78054 1.1867 0.179472 0.180013 0.0123022 0.00918664 0.00356336 0.000296841 0.000212111 6.35974e-05 1.59037e-05
1 1 1 3 1 1 1 2021 1 2021.12 M FORE  0 187.583 82.0426 47.1494 7.96499 2.31836 0.995683 0.151841 0.153436 0.0105481 0.00791217 0.00307932 0.00025716 0.000184098 5.52753e-05 1.38491e-05
1 1 1 3 1 1 1 2021 2 2021.25 B FORE  0 175.195 73.8758 40.4229 6.66484 1.933 0.835414 0.128464 0.130783 0.00904407 0.0068145 0.00266103 0.000222783 0.000159785 4.80422e-05 1.20599e-05
1 1 1 3 1 1 1 2021 2 2021.38 M FORE  0 163.152 67.2211 35.8966 5.84007 1.68461 0.728032 0.112174 0.114474 0.00793382 0.00598898 0.0023421 0.000196307 0.00014092 4.23989e-05 1.06535e-05
1 1 1 3 1 1 1 2021 3 2021.5 B FORE  224.835 151.937 61.1659 31.8771 5.11737 1.46813 0.634452 0.0979496 0.100199 0.00695986 0.00526346 0.00206139 0.000172977 0.000124283 3.74184e-05 9.41109e-06
1 1 1 3 1 1 1 2021 3 2021.62 M FORE  210.158 141.021 55.8372 28.7179 4.57674 1.30663 0.563376 0.0868878 0.0888439 0.00617001 0.00466584 0.00182732 0.000153336 0.000110173 3.3171e-05 8.34314e-06
1 1 1 3 1 1 1 2021 4 2021.75 B FORE  196.438 130.889 50.9727 25.8717 4.09322 1.1629 0.500263 0.0770752 0.0787755 0.00546979 0.00413607 0.00161982 0.000135926 9.76653e-05 2.94057e-05 7.39638e-06
1 1 1 3 1 1 1 2021 4 2021.88 M FORE  183.461 120.163 45.7905 22.9948 3.63219 1.03233 0.444838 0.0686531 0.0702667 0.00488428 0.00369633 0.00144848 0.000121603 8.74035e-05 2.63227e-05 6.62313e-06
1 1 1 3 1 1 1 2022 1 2022 B FORE  0 171.342 110.315 41.1351 20.4378 3.2231 0.916429 0.395554 0.0611513 0.0626769 0.00436144 0.00330334 0.00129527 0.00010879 7.82198e-05 2.94936e-05
1 1 1 3 1 1 1 2022 1 2022.12 M FORE  0 160.026 99.3338 35.2666 17.1017 2.68735 0.768917 0.334655 0.0521229 0.05374 0.00375638 0.00285462 0.00112212 9.44222e-05 6.79843e-05 2.56833e-05
1 1 1 3 1 1 1 2022 2 2022.25 B FORE  0 149.458 89.4457 30.2354 14.3102 2.24066 0.645149 0.283132 0.0444275 0.0460774 0.00323525 0.00246685 0.000972115 8.19523e-05 5.90882e-05 2.23652e-05
1 1 1 3 1 1 1 2022 2 2022.38 M FORE  0 139.184 81.3885 26.8498 12.5393 1.95273 0.562223 0.247229 0.0388874 0.0404209 0.00284332 0.0021712 0.000856586 7.22766e-05 5.21473e-05 1.9757e-05
1 1 1 3 1 1 1 2022 3 2022.5 B FORE  224.835 129.616 74.0571 23.8433 10.9876 1.7018 0.489956 0.215879 0.0340382 0.0354588 0.00249888 0.00191098 0.000754786 6.37433e-05 4.60218e-05 1.7453e-05
1 1 1 3 1 1 1 2022 3 2022.62 M FORE  210.158 120.304 67.6053 21.4803 9.82677 1.5146 0.435068 0.191499 0.0301807 0.0314347 0.00221515 0.00169398 0.000669085 5.65066e-05 4.07978e-05 1.54724e-05
1 1 1 3 1 1 1 2022 4 2022.75 B FORE  196.438 111.661 61.7156 19.3514 8.7886 1.34799 0.386328 0.169872 0.0267604 0.0278673 0.00196364 0.00150163 0.000593115 5.00916e-05 3.61667e-05 1.37167e-05
1 1 1 3 1 1 1 2022 4 2022.88 M FORE  183.461 102.51 55.4412 17.1996 7.79873 1.19664 0.343526 0.15131 0.02387 0.0248842 0.00175487 0.00134279 0.000530617 4.48284e-05 3.23748e-05 1.22827e-05
1 1 1 3 1 1 1 2023 1 2023 B FORE  0 171.342 94.109 49.8046 15.287 6.92036 1.06229 0.305467 0.134776 0.0212917 0.0222205 0.00156829 0.00120076 0.000474704 4.01182e-05 3.9979e-05
1 1 1 3 1 1 1 2023 1 2023.12 M FORE  0 160.026 84.741 42.6993 12.7917 5.77005 0.8913 0.258438 0.114878 0.0182558 0.0191378 0.00135526 0.00104024 0.000412012 3.48685e-05 3.48141e-05
1 1 1 3 1 1 1 2023 2 2023.25 B FORE  0 149.458 76.3056 36.6077 10.7037 4.81094 0.747833 0.218649 0.0979176 0.0156527 0.0164828 0.00117116 0.000901181 0.0003576 3.03057e-05 3.03165e-05
1 1 1 3 1 1 1 2023 2 2023.38 M FORE  0 139.184 69.4321 32.5086 9.37909 4.19273 0.651708 0.190923 0.0857072 0.0137312 0.0144861 0.0010308 0.000794081 0.00031538 2.67458e-05 2.6781e-05
1 1 1 3 1 1 1 2023 3 2023.5 B FORE  224.835 129.616 63.1777 28.8685 8.21844 3.65396 0.567938 0.166713 0.0750196 0.0120455 0.0127312 0.000907254 0.00069971 0.000278145 2.36041e-05 2.36578e-05
1 1 1 3 1 1 1 2023 3 2023.62 M FORE  210.158 120.304 57.6737 26.0074 7.35019 3.25201 0.504314 0.147885 0.0665178 0.0106785 0.0112857 0.000804234 0.000620263 0.000246567 2.09248e-05 2.09731e-05
1 1 1 3 1 1 1 2023 4 2023.75 B FORE  196.438 111.661 52.6492 23.4299 6.57366 2.89428 0.447817 0.131184 0.0589796 0.00946666 0.0100043 0.000712911 0.000549836 0.000218575 1.85496e-05 1.85932e-05
1 1 1 3 1 1 1 2023 4 2023.88 M FORE  183.461 102.51 47.2965 20.8245 5.83326 2.56932 0.398203 0.116849 0.052609 0.00845331 0.00894063 0.000637502 0.000491898 0.000195609 1.66047e-05 1.66494e-05
1 1 1 3 1 1 1 2024 1 2024 B FORE  0 171.342 94.109 42.488 18.5089 5.17626 2.28086 0.354085 0.104081 0.0469265 0.00754843 0.00799008 0.00057007 0.000440066 0.000175056 2.97726e-05
1 1 1 3 1 1 1 2024 1 2024.12 M FORE  0 160.026 84.741 36.4265 15.4876 4.31586 1.91372 0.299571 0.0887147 0.0402354 0.00650122 0.00690472 0.000493863 0.000381948 0.000152149 2.59262e-05
1 1 1 3 1 1 1 2024 2 2024.25 B FORE  0 149.458 76.3056 31.2298 12.9595 3.59847 1.60568 0.25345 0.0756169 0.0344983 0.0055993 0.00596679 0.000427844 0.000331506 0.000132239 2.25768e-05
1 1 1 3 1 1 1 2024 2 2024.38 M FORE  0 139.184 69.4321 27.7329 11.3558 3.13606 1.39929 0.221311 0.0661875 0.0302633 0.00492099 0.00525166 0.000376998 0.000292367 0.000116706 1.99439e-05
1 1 1 3 1 1 1 2024 3 2024.5 B FORE  224.835 129.616 63.1777 24.6275 9.95054 2.73308 1.21943 0.193247 0.0579339 0.0265482 0.00432485 0.00462224 0.000332194 0.000257849 0.000102997 1.76181e-05
1 1 1 3 1 1 1 2024 3 2024.62 M FORE  210.158 120.304 57.6737 22.1868 8.89929 2.43243 1.08282 0.171423 0.0513684 0.0235353 0.0038338 0.00409738 0.000294476 0.000228576 9.13054e-05 1.56188e-05
1 1 1 3 1 1 1 2024 4 2024.75 B FORE  196.438 111.661 52.6492 19.9879 7.95911 2.16485 0.961514 0.152064 0.045547 0.0208644 0.0033985 0.00363211 0.00026104 0.000202626 8.09412e-05 1.38464e-05
1 1 1 3 1 1 1 2024 4 2024.88 M FORE  183.461 102.51 47.2965 17.7653 7.06267 1.92179 0.854986 0.135447 0.0406273 0.0186309 0.00303718 0.00324792 0.000233533 0.000181336 7.24549e-05 1.23988e-05
1 1 1 3 1 1 1 2025 1 2025 B FORE  0 171.342 94.109 42.488 15.7898 6.2672 1.70603 0.760261 0.120647 0.036239 0.0166366 0.00271427 0.00290437 0.000208925 0.000162282 7.59609e-05
1 1 1 3 1 1 1 2025 1 2025.12 M FORE  0 160.026 84.741 36.4265 13.2124 5.22546 1.43142 0.643213 0.102835 0.0310718 0.0143286 0.00234557 0.00251612 0.000181333 0.000141047 6.61475e-05
1 1 1 3 1 1 1 2025 2 2025.25 B FORE  0 149.458 76.3056 31.2298 11.0557 4.35687 1.20101 0.544185 0.0876523 0.0266414 0.0123408 0.00202695 0.00217976 0.000157386 0.00012259 5.76019e-05
1 1 1 3 1 1 1 2025 2 2025.38 M FORE  0 139.184 69.4321 27.7329 9.68757 3.79701 1.04663 0.475179 0.076722 0.0233709 0.0108458 0.00178402 0.00192071 0.000138804 0.00010819 5.08844e-05
1 1 1 3 1 1 1 2025 3 2025.5 B FORE  224.835 129.616 63.1777 24.6275 8.48875 3.30909 0.912102 0.414924 0.0671548 0.0205019 0.0095319 0.0015702 0.00169245 0.000122416 9.54812e-05 4.49502e-05
1 1 1 3 1 1 1 2025 3 2025.62 M FORE  210.158 120.304 57.6737 22.1868 7.59194 2.94508 0.809922 0.368065 0.0595444 0.0181752 0.00844962 0.0013919 0.00150028 0.000108518 8.4643e-05 3.98494e-05
1 1 1 3 1 1 1 2025 4 2025.75 B FORE  196.438 111.661 52.6492 19.9879 6.78987 2.62111 0.719189 0.326498 0.0527964 0.0161125 0.00749023 0.00123385 0.00132994 9.61986e-05 7.5035e-05 3.53273e-05
1 1 1 3 1 1 1 2025 4 2025.88 M FORE  183.461 102.51 47.2965 17.7653 6.02512 2.32683 0.639509 0.290821 0.0470937 0.0143878 0.00669389 0.00110334 0.0011898 8.60908e-05 6.71679e-05 3.16341e-05
