[RECRUIT]
1000  1  100
14 14 5
0.12 0.84 0.04
0.12 0.84 0.04
0.12 0.84 0.04
0.12 0.84 0.04
0.12 0.84 0.04
0.12 0.84 0.04
0.12 0.84 0.04
0.12 0.84 0.04
0.12 0.84 0.04
0.12 0.84 0.04
0.12 0.84 0.04
0.12 0.84 0.04
0.12 0.84 0.04
0.12 0.84 0.04
5
77.993719556902  149.840707425404  105.792183843178  114.541276227773  228.661166974672
20
167.224385270442  303.954813260105  183.011073213329  325.739373889996  258.262733626572  83.5137166804517  263.988843213593  96.2178782252057  179.580445765779  168.83816952147  69.8938814322408  239.336265823479  174.536797446695  68.3419309202539  278.636568950929  77.993719556902  149.840707425404  105.792183843178  114.541276227773  228.661166974672
268.776619643141 748.132537313433 0.36
