[[1]]
       Yr Bio_smry
5821 1975 34309.60
5825 1976 15348.00
5829 1977 17044.00
5833 1978 17968.20
5837 1979 19142.90
5841 1980 18211.70
5845 1981 14918.50
5849 1982 12171.30
5853 1983 15704.20
5857 1984 18665.00
5861 1985 18785.60
5865 1986 18399.30
5869 1987 17712.60
5873 1988 19462.50
5877 1989 16319.60
5881 1990 15365.20
5885 1991 17529.50
5889 1992 16175.40
5893 1993 17045.80
5897 1994 12244.60
5901 1995 11501.60
5905 1996  9529.16
5909 1997  8568.32
5913 1998  9395.27
5917 1999  8184.81
5921 2000  6748.20
5925 2001  8088.39
5929 2002  7749.32
5933 2003  9676.80
5937 2004  9846.96
5941 2005  8037.26
5945 2006  8155.22
5949 2007  6490.43
5953 2008  6447.36
5957 2009  6149.35
5961 2010  5349.91
5965 2011  6472.58
5969 2012  6975.62
5973 2013  5675.09
5977 2014  7142.06
5981 2015  6475.60
5985 2016  5943.56
5989 2017  5506.29
5993 2018  5315.74
5997 2019  6830.79
6001 2020  7339.35

[[2]]
   Year     SSB
1  1977 5096.18
2  1978 5118.48
3  1979 4020.99
4  1980 4427.31
5  1981 3527.37
6  1982 2567.00
7  1983 3284.31
8  1984 4431.92
9  1985 3981.28
10 1986 2949.27
11 1987 3351.70
12 1988 2900.26
13 1989 2947.73
14 1990 2980.96
15 1991 3185.98
16 1992 3735.32
17 1993 3024.91
18 1994 2668.82
19 1995 1794.57
20 1996 1262.50
21 1997 1247.28
22 1998 1083.89
23 1999 1112.08
24 2000 1196.64
25 2001 1202.66
26 2002 1494.86
27 2003 1515.92
28 2004 2055.84
29 2005 2026.57
30 2006 1573.42
31 2007 1617.80
32 2008 1243.36
33 2009 1277.09
34 2010 1256.44
35 2011 1080.71
36 2012 1261.46
37 2013 1150.18
38 2014 1141.96
39 2015 1292.57
40 2016 1304.82
41 2017 1238.22
42 2018 1223.47
43 2019 1157.84
44 2020 1696.41

[[3]]
Ave 3-year SSB 
       1359.24 

[[4]]
20% SSBF=0 
  3720.852 

[[5]]
    SSB20Per Year
1  1.3696270 1977
2  1.3756203 1978
3  1.0806637 1979
4  1.1898645 1980
5  0.9480005 1981
6  0.6898957 1982
7  0.8826768 1983
8  1.1911034 1984
9  1.0699914 1985
10 0.7926329 1986
11 0.9007882 1987
12 0.7794612 1988
13 0.7922190 1989
14 0.8011498 1990
15 0.8562500 1991
16 1.0038883 1992
17 0.8129616 1993
18 0.7172604 1994
19 0.4823008 1995
20 0.3393040 1996
21 0.3352135 1997
22 0.2913015 1998
23 0.2988778 1999
24 0.3216037 2000
25 0.3232216 2001
26 0.4017520 2002
27 0.4074120 2003
28 0.5525186 2004
29 0.5446521 2005
30 0.4228655 2006
31 0.4347928 2007
32 0.3341600 2008
33 0.3432251 2009
34 0.3376753 2010
35 0.2904469 2011
36 0.3390245 2012
37 0.3091173 2013
38 0.3069082 2014
39 0.3473855 2015
40 0.3506777 2016
41 0.3327786 2017
42 0.3288144 2018
43 0.3111760 2019
44 0.4559197 2020

[[6]]
 SSBMSY 
2920.58 

[[7]]
   Year    SSBMSY
1  1977 1.7449205
2  1978 1.7525560
3  1979 1.3767779
4  1980 1.5159010
5  1981 1.2077635
6  1982 0.8789350
7  1983 1.1245403
8  1984 1.5174794
9  1985 1.3631813
10 1986 1.0098234
11 1987 1.1476145
12 1988 0.9930425
13 1989 1.0092961
14 1990 1.0206740
15 1991 1.0908724
16 1992 1.2789651
17 1993 1.0357224
18 1994 0.9137979
19 1995 0.6144567
20 1996 0.4322772
21 1997 0.4270659
22 1998 0.3711215
23 1999 0.3807737
24 2000 0.4097268
25 2001 0.4117881
26 2002 0.5118367
27 2003 0.5190476
28 2004 0.7039150
29 2005 0.6938930
30 2006 0.5387355
31 2007 0.5539311
32 2008 0.4257237
33 2009 0.4372727
34 2010 0.4302022
35 2011 0.3700327
36 2012 0.4319211
37 2013 0.3938190
38 2014 0.3910045
39 2015 0.4425731
40 2016 0.4467674
41 2017 0.4239637
42 2018 0.4189134
43 2019 0.3964418
44 2020 0.5808470

[[8]]
   Year  AnnualF
1  1977 0.534004
2  1978 0.644748
3  1979 0.697147
4  1980 0.901382
5  1981 1.000490
6  1982 0.702507
7  1983 0.574356
8  1984 0.612648
9  1985 0.818633
10 1986 1.021140
11 1987 0.774483
12 1988 1.023980
13 1989 0.872048
14 1990 0.775643
15 1991 0.755950
16 1992 0.652944
17 1993 0.889462
18 1994 0.951569
19 1995 1.165900
20 1996 1.191690
21 1997 1.099170
22 1998 1.422350
23 1999 1.389300
24 2000 1.199360
25 2001 1.154540
26 2002 0.959515
27 2003 1.090610
28 2004 0.815321
29 2005 0.844437
30 2006 0.951033
31 2007 0.860808
32 2008 1.104650
33 2009 0.831898
34 2010 0.907311
35 2011 0.913191
36 2012 0.961325
37 2013 0.878272
38 2014 0.773939
39 2015 0.905849
40 2016 0.696266
41 2017 0.740988
42 2018 0.693775
43 2019 0.773552
44 2020 0.582028

[[9]]
Avg last 3-year F 
        0.6831183 

[[10]]
F 20%SSBF=0 
    0.53181 

[[11]]
   Year   F20Per
1  1977 1.004126
2  1978 1.212365
3  1979 1.310895
4  1980 1.694932
5  1981 1.881292
6  1982 1.320974
7  1983 1.080002
8  1984 1.152005
9  1985 1.539334
10 1986 1.920122
11 1987 1.456315
12 1988 1.925462
13 1989 1.639774
14 1990 1.458496
15 1991 1.421466
16 1992 1.227777
17 1993 1.672518
18 1994 1.789303
19 1995 2.192324
20 1996 2.240819
21 1997 2.066847
22 1998 2.674545
23 1999 2.612399
24 2000 2.255242
25 2001 2.170963
26 2002 1.804244
27 2003 2.050751
28 2004 1.533106
29 2005 1.587855
30 2006 1.788295
31 2007 1.618638
32 2008 2.077152
33 2009 1.564277
34 2010 1.706081
35 2011 1.717138
36 2012 1.807647
37 2013 1.651477
38 2014 1.455292
39 2015 1.703332
40 2016 1.309238
41 2017 1.393332
42 2018 1.304554
43 2019 1.454565
44 2020 1.094428

[[12]]
    FMSY 
0.631707 

[[13]]
   Year      FMSY
1  1977 0.8453349
2  1978 1.0206441
3  1979 1.1035923
4  1980 1.4268989
5  1981 1.5837881
6  1982 1.1120773
7  1983 0.9092127
8  1984 0.9698294
9  1985 1.2959062
10 1986 1.6164773
11 1987 1.2260162
12 1988 1.6209730
13 1989 1.3804628
14 1990 1.2278525
15 1991 1.1966782
16 1992 1.0336184
17 1993 1.4080294
18 1994 1.5063455
19 1995 1.8456341
20 1996 1.8864600
21 1997 1.7399997
22 1998 2.2515977
23 1999 2.1992791
24 2000 1.8986017
25 2001 1.8276511
26 2002 1.5189241
27 2003 1.7264491
28 2004 1.2906632
29 2005 1.3367542
30 2006 1.5054970
31 2007 1.3626697
32 2008 1.7486746
33 2009 1.3169048
34 2010 1.4362845
35 2011 1.4455927
36 2012 1.5217894
37 2013 1.3903154
38 2014 1.2251550
39 2015 1.4339702
40 2016 1.1021977
41 2017 1.1729932
42 2018 1.0982544
43 2019 1.2245424
44 2020 0.9213575

[[14]]
   Year Recruitment
1  1977    543.2780
2  1978    704.4100
3  1979    471.6190
4  1980    487.2260
5  1981    406.4430
6  1982    664.1480
7  1983    592.8240
8  1984    494.4650
9  1985    691.8620
10 1986    652.0070
11 1987    711.4800
12 1988    468.2920
13 1989    526.9870
14 1990    675.8930
15 1991    358.4110
16 1992    597.1400
17 1993    171.0800
18 1994    478.0650
19 1995    323.0480
20 1996    287.3740
21 1997    410.5330
22 1998    283.0470
23 1999    219.0580
24 2000    398.1700
25 2001    239.7380
26 2002    426.7070
27 2003    338.3150
28 2004    109.4000
29 2005    345.8160
30 2006    126.0420
31 2007    235.2440
32 2008    221.1720
33 2009     91.5585
34 2010    313.5220
35 2011    228.6370
36 2012     89.5255
37 2013    365.0040
38 2014    102.1690
39 2015    196.2860
40 2016    138.5840
41 2017    150.0450
42 2018    299.5380
43 2019    215.8840
44 2020    263.5190

[[15]]
   Year     Catch
1  1976  3787.760
2  1977  5813.336
3  1978  7638.963
4  1979  7894.800
5  1980 10100.918
6  1981  8675.125
7  1982  4930.387
8  1983  5249.239
9  1984  6978.788
10 1985  9436.415
11 1986 10132.354
12 1987  8115.743
13 1988 10912.067
14 1989  8402.349
15 1990  6824.553
16 1991  7295.331
17 1992  6741.742
18 1993  8400.839
19 1994  6811.991
20 1995  7047.155
21 1996  5510.049
22 1997  4897.426
23 1998  6101.511
24 1999  5302.760
25 2000  4086.260
26 2001  4439.838
27 2002  3839.954
28 2003  5097.765
29 2004  4220.584
30 2005  4214.607
31 2006  4033.568
32 2007  3155.510
33 2008  3590.151
34 2009  2555.282
35 2010  2817.885
36 2011  2941.661
37 2012  3216.949
38 2013  3016.197
39 2014  2744.838
40 2015  3272.395
41 2016  2456.668
42 2017  2256.272
43 2018  2177.368
44 2019  2694.577
45 2020  2411.752

[[16]]
Catch 20%SSBF=0 
        4468.26 

[[17]]
Catch MSY 
  4512.99 

[[18]]
Avg last 3-year catch 
             2427.899 

[[19]]
        SPR Year
1  0.230550 1977
2  0.178784 1978
3  0.149267 1979
4  0.115002 1980
5  0.108643 1981
6  0.153556 1982
7  0.193055 1983
8  0.186859 1984
9  0.116227 1985
10 0.088751 1986
11 0.126175 1987
12 0.081422 1988
13 0.101856 1989
14 0.130442 1990
15 0.134264 1991
16 0.154094 1992
17 0.107690 1993
18 0.107602 1994
19 0.076978 1995
20 0.071337 1996
21 0.079239 1997
22 0.059965 1998
23 0.067172 1999
24 0.091900 2000
25 0.093215 2001
26 0.120305 2002
27 0.098202 2003
28 0.149806 2004
29 0.129183 2005
30 0.123334 2006
31 0.144793 2007
32 0.109509 2008
33 0.155593 2009
34 0.130978 2010
35 0.121988 2011
36 0.121282 2012
37 0.110043 2013
38 0.136253 2014
39 0.112879 2015
40 0.155345 2016
41 0.158588 2017
42 0.161205 2018
43 0.135297 2019
44 0.198702 2020

[[20]]
Avg last 3-year SPR 
           0.165068 

[[21]]
SPR 20%SSBF=0 
     0.220259 

[[22]]
 SPR MSY 
0.183189 

[[23]]
  Quadrant Percent
1      Red   71.18
2   Orange    0.00
3   Yellow   28.82
4    Green    0.00

[[24]]
     L1    L2      K CVyoung CVold  Wtlen.a Wtlen.b
1 110.9 215.5 0.2645    0.14   0.1 4.68e-06    3.16

[[25]]
    L50  Slope Egg.kg.int Egg.kg.slope
1 152.2 -0.204          1            0

[[26]]
   ln.R0. Steepness SigmaR
1 6.00581      0.87    0.6

[[27]]
    Year - Catch F20%SSB(F=0) - S/R Curve F(1998-2000) - S/R Curve F30% - S/R Curve FMSY - S/R Curve F(2018-2020) - S/R Curve F20%SSB(F=0) - Avg 20 yr Recr F(1998-2000) - Avg 20 yr Recr F30% - Avg 20 yr Recr
242         2021                  2624.23                  3080.26          1806.87          2684.69                  2795.25                       2623.34                       3079.59               1806.22
243         2022                  3041.18                  3386.44          2292.73          3089.79                  3169.79                       2886.17                       3181.67               2177.26
244         2023                  3461.78                  3729.38          2770.37          3501.70                  3549.82                       2952.13                       3131.46               2367.58
245         2024                  3803.88                  3997.09          3176.89          3835.91                  3854.42                       2924.45                       3056.24               2430.34
246         2025                  4039.09                  4173.58          3477.27          4064.49                  4061.98                       2895.50                       3014.18               2446.50
247         2026                  4194.08                  4288.61          3684.43          4214.80                  4198.79                       2880.88                       2996.66               2450.69
248         2027                  4294.87                  4363.35          3822.69          4312.49                  4288.13                       2874.82                       2990.08               2452.16
249         2028                  4359.43                  4411.29          3913.09          4375.04                  4345.66                       2872.45                       2987.66               2452.83
250         2029                  4400.28                  4441.77          3971.38          4414.61                  4382.31                       2871.53                       2986.77               2453.19
251         2030                  4425.96                  4461.06          4008.62          4439.48                  4405.52                       2871.17                       2986.44               2453.37
252         2031                  4442.05                  4473.25          4032.30          4455.07                  4420.17                       2871.03                       2986.31               2453.47
253         2032                  4452.10                  4480.92          4047.32          4464.81                  4429.40                       2870.97                       2986.27               2453.52
254         2033                  4458.37                  4485.76          4056.82          4470.89                  4435.20                       2870.95                       2986.25               2453.55
255         2034                  4462.28                  4488.80          4062.83          4474.68                  4438.85                       2870.94                       2986.24               2453.56
256         2035                  4464.72                  4490.72          4066.63          4477.04                  4441.14                       2870.93                       2986.24               2453.57
257         2036                  4466.24                  4491.92          4069.03          4478.51                  4442.58                       2870.93                       2986.24               2453.57
258         2037                  4467.19                  4492.68          4070.54          4479.43                  4443.49                       2870.93                       2986.24               2453.57
259         2038                  4467.78                  4493.15          4071.50          4480.00                  4444.05                       2870.93                       2986.24               2453.57
260         2039                  4468.14                  4493.45          4072.11          4480.36                  4444.41                       2870.93                       2986.24               2453.57
261         2040                  4468.37                  4493.64          4072.49          4480.58                  4444.63                       2870.93                       2986.24               2453.57
    FMSY - Avg 20 yr Recr F(2018-2020) - Avg 20 yr Recr
242               2683.79                       2793.98
243               2932.34                       2996.25
244               2986.59                       3015.53
245               2952.23                       2967.61
246               2920.70                       2932.11
247               2905.33                       2915.54
248               2899.09                       2908.90
249               2896.69                       2906.35
250               2895.77                       2905.38
251               2895.41                       2905.00
252               2895.27                       2904.86
253               2895.22                       2904.80
254               2895.20                       2904.78
255               2895.19                       2904.77
256               2895.18                       2904.77
257               2895.18                       2904.77
258               2895.18                       2904.77
259               2895.18                       2904.77
260               2895.18                       2904.77
261               2895.18                       2904.77

[[28]]
   Year - SSB Btgt - S/R Curve high  - S/R Curve low - S/R Curve MSY - S/R Curve StatusQuo - S/R Curve Btgt - Avg 20 Yr Recr high  - Avg 20 Yr Recr low - Avg 20 Yr Recr MSY - Avg 20 Yr Recr StatusQuo - Avg 20 Yr Recr
1        1975         19278.80          19278.80        19278.80        19278.80              19278.80              19278.80               19278.80             19278.80             19278.80                   19278.80
2        1976          2890.52           2890.52         2890.52         2890.52               2890.52               2890.52                2890.52              2890.52              2890.52                    2890.52
3        1977          5096.18           5096.18         5096.18         5096.18               5096.18               5096.18                5096.18              5096.18              5096.18                    5096.18
4        1978          5118.48           5118.48         5118.48         5118.48               5118.48               5118.48                5118.48              5118.48              5118.48                    5118.48
5        1979          4020.99           4020.99         4020.99         4020.99               4020.99               4020.99                4020.99              4020.99              4020.99                    4020.99
6        1980          4427.31           4427.31         4427.31         4427.31               4427.31               4427.31                4427.31              4427.31              4427.31                    4427.31
7        1981          3527.37           3527.37         3527.37         3527.37               3527.37               3527.37                3527.37              3527.37              3527.37                    3527.37
8        1982          2567.00           2567.00         2567.00         2567.00               2567.00               2567.00                2567.00              2567.00              2567.00                    2567.00
9        1983          3284.31           3284.31         3284.31         3284.31               3284.31               3284.31                3284.31              3284.31              3284.31                    3284.31
10       1984          4431.92           4431.92         4431.92         4431.92               4431.92               4431.92                4431.92              4431.92              4431.92                    4431.92
11       1985          3981.28           3981.28         3981.28         3981.28               3981.28               3981.28                3981.28              3981.28              3981.28                    3981.28
12       1986          2949.27           2949.27         2949.27         2949.27               2949.27               2949.27                2949.27              2949.27              2949.27                    2949.27
13       1987          3351.70           3351.70         3351.70         3351.70               3351.70               3351.70                3351.70              3351.70              3351.70                    3351.70
14       1988          2900.26           2900.26         2900.26         2900.26               2900.26               2900.26                2900.26              2900.26              2900.26                    2900.26
15       1989          2947.73           2947.73         2947.73         2947.73               2947.73               2947.73                2947.73              2947.73              2947.73                    2947.73
16       1990          2980.96           2980.96         2980.96         2980.96               2980.96               2980.96                2980.96              2980.96              2980.96                    2980.96
17       1991          3185.98           3185.98         3185.98         3185.98               3185.98               3185.98                3185.98              3185.98              3185.98                    3185.98
18       1992          3735.32           3735.32         3735.32         3735.32               3735.32               3735.32                3735.32              3735.32              3735.32                    3735.32
19       1993          3024.91           3024.91         3024.91         3024.91               3024.91               3024.91                3024.91              3024.91              3024.91                    3024.91
20       1994          2668.82           2668.82         2668.82         2668.82               2668.82               2668.82                2668.82              2668.82              2668.82                    2668.82
21       1995          1794.57           1794.57         1794.57         1794.57               1794.57               1794.57                1794.57              1794.57              1794.57                    1794.57
22       1996          1262.50           1262.50         1262.50         1262.50               1262.50               1262.50                1262.50              1262.50              1262.50                    1262.50
23       1997          1247.28           1247.28         1247.28         1247.28               1247.28               1247.28                1247.28              1247.28              1247.28                    1247.28
24       1998          1083.89           1083.89         1083.89         1083.89               1083.89               1083.89                1083.89              1083.89              1083.89                    1083.89
25       1999          1112.08           1112.08         1112.08         1112.08               1112.08               1112.08                1112.08              1112.08              1112.08                    1112.08
26       2000          1196.64           1196.64         1196.64         1196.64               1196.64               1196.64                1196.64              1196.64              1196.64                    1196.64
27       2001          1202.66           1202.66         1202.66         1202.66               1202.66               1202.66                1202.66              1202.66              1202.66                    1202.66
28       2002          1494.86           1494.86         1494.86         1494.86               1494.86               1494.86                1494.86              1494.86              1494.86                    1494.86
29       2003          1515.92           1515.92         1515.92         1515.92               1515.92               1515.92                1515.92              1515.92              1515.92                    1515.92
30       2004          2055.84           2055.84         2055.84         2055.84               2055.84               2055.84                2055.84              2055.84              2055.84                    2055.84
31       2005          2026.57           2026.57         2026.57         2026.57               2026.57               2026.57                2026.57              2026.57              2026.57                    2026.57
32       2006          1573.42           1573.42         1573.42         1573.42               1573.42               1573.42                1573.42              1573.42              1573.42                    1573.42
33       2007          1617.80           1617.80         1617.80         1617.80               1617.80               1617.80                1617.80              1617.80              1617.80                    1617.80
34       2008          1243.36           1243.36         1243.36         1243.36               1243.36               1243.36                1243.36              1243.36              1243.36                    1243.36
35       2009          1277.09           1277.09         1277.09         1277.09               1277.09               1277.09                1277.09              1277.09              1277.09                    1277.09
36       2010          1256.44           1256.44         1256.44         1256.44               1256.44               1256.44                1256.44              1256.44              1256.44                    1256.44
37       2011          1080.71           1080.71         1080.71         1080.71               1080.71               1080.71                1080.71              1080.71              1080.71                    1080.71
38       2012          1261.46           1261.46         1261.46         1261.46               1261.46               1261.46                1261.46              1261.46              1261.46                    1261.46
39       2013          1150.18           1150.18         1150.18         1150.18               1150.18               1150.18                1150.18              1150.18              1150.18                    1150.18
40       2014          1141.96           1141.96         1141.96         1141.96               1141.96               1141.96                1141.96              1141.96              1141.96                    1141.96
41       2015          1292.57           1292.57         1292.57         1292.57               1292.57               1292.57                1292.57              1292.57              1292.57                    1292.57
42       2016          1304.82           1304.82         1304.82         1304.82               1304.82               1304.82                1304.82              1304.82              1304.82                    1304.82
43       2017          1238.22           1238.22         1238.22         1238.22               1238.22               1238.22                1238.22              1238.22              1238.22                    1238.22
44       2018          1223.47           1223.47         1223.47         1223.47               1223.47               1223.47                1223.47              1223.47              1223.47                    1223.47
45       2019          1157.84           1157.84         1157.84         1157.84               1157.84               1157.84                1157.84              1157.84              1157.84                    1157.84
46       2020          1696.41           1696.41         1696.41         1696.41               1696.41               1696.41                1696.41              1696.41              1696.41                    1696.41
47       2021          2084.47           2032.21         2389.80         2062.34               2026.27               2084.47                2032.21              2389.80              2062.34                    2026.27
48       2022          2412.29           2216.52         3059.07         2368.78               2290.75               2343.22                2149.31              2979.21              2300.56                    2224.69
49       2023          2775.09           2464.26         3757.57         2712.23               2592.66               2411.07                2129.94              3295.71              2355.38                    2254.31
50       2024          3070.55           2663.34         4366.58         2990.56               2837.13               2392.25                2077.22              3413.93              2330.98                    2220.18
51       2025          3274.70           2795.65         4825.44         3181.67               3004.55               2371.04                2046.00              3455.75              2308.03                    2193.89
52       2026          3411.48           2883.43         5149.53         3309.40               3116.69               2359.64                2031.99              3471.80              2296.20                    2180.87
53       2027          3501.48           2941.17         5370.46         3393.36               3190.75               2354.44                2026.18              3478.48              2290.94                    2175.17
54       2028          3559.53           2978.47         5517.31         3447.45               3238.75               2352.19                2023.84              3481.41              2288.71                    2172.78
55       2029          3596.45           3002.29         5613.20         3481.84               3269.47               2351.24                2022.91              3482.75              2287.78                    2171.79
56       2030          3619.75           3017.43         5675.07         3503.54               3289.00               2350.84                2022.54              3483.37              2287.40                    2171.39
57       2031          3634.39           3027.00         5714.69         3517.16               3301.35               2350.68                2022.39              3483.67              2287.24                    2171.23
58       2032          3643.55           3033.05         5739.94         3525.69               3309.14               2350.61                2022.33              3483.81              2287.18                    2171.16
59       2033          3649.28           3036.86         5755.98         3531.02               3314.05               2350.58                2022.31              3483.89              2287.15                    2171.14
60       2034          3652.85           3039.26         5766.15         3534.35               3317.13               2350.57                2022.30              3483.92              2287.14                    2171.12
61       2035          3655.08           3040.77         5772.59         3536.42               3319.07               2350.56                2022.29              3483.94              2287.14                    2171.12
62       2036          3656.47           3041.72         5776.67         3537.72               3320.29               2350.56                2022.29              3483.94              2287.14                    2171.12
63       2037          3657.33           3042.31         5779.24         3538.52               3321.05               2350.56                2022.29              3483.95              2287.13                    2171.12
64       2038          3657.87           3042.69         5780.87         3539.03               3321.54               2350.56                2022.29              3483.95              2287.13                    2171.12
65       2039          3658.21           3042.93         5781.90         3539.34               3321.84               2350.56                2022.29              3483.95              2287.13                    2171.12
66       2040          3658.42           3043.08         5782.55         3539.53               3322.03               2350.56                2022.29              3483.95              2287.13                    2171.12

[[29]]
   Year - Recruitment Btgt - S/R Curve High - S/R Curve Low - S/R Curve MSY - S/R Curve Status Quo - S/R Curve Btgt - Avg 20 Yr Recr High - Avg 20 Yr Recr Low - Avg 20 Yr Recr MSY - Avg 20 Yr Recr Status Quo - Avg 20 Yr Recr
1                1963         334.8750         334.8750        334.8750        334.8750               334.8750              334.8750              334.8750             334.8750             334.8750                    334.8750
2                1964         334.8880         334.8880        334.8880        334.8880               334.8880              334.8880              334.8880             334.8880             334.8880                    334.8880
3                1965         334.9100         334.9100        334.9100        334.9100               334.9100              334.9100              334.9100             334.9100             334.9100                    334.9100
4                1966         334.9430         334.9430        334.9430        334.9430               334.9430              334.9430              334.9430             334.9430             334.9430                    334.9430
5                1967         334.7790         334.7790        334.7790        334.7790               334.7790              334.7790              334.7790             334.7790             334.7790                    334.7790
6                1968         332.7520         332.7520        332.7520        332.7520               332.7520              332.7520              332.7520             332.7520             332.7520                    332.7520
7                1969         330.5720         330.5720        330.5720        330.5720               330.5720              330.5720              330.5720             330.5720             330.5720                    330.5720
8                1970         327.7520         327.7520        327.7520        327.7520               327.7520              327.7520              327.7520             327.7520             327.7520                    327.7520
9                1971         322.8140         322.8140        322.8140        322.8140               322.8140              322.8140              322.8140             322.8140             322.8140                    322.8140
10               1972         312.5190         312.5190        312.5190        312.5190               312.5190              312.5190              312.5190             312.5190             312.5190                    312.5190
11               1973         295.4980         295.4980        295.4980        295.4980               295.4980              295.4980              295.4980             295.4980             295.4980                    295.4980
12               1974         288.8960         288.8960        288.8960        288.8960               288.8960              288.8960              288.8960             288.8960             288.8960                    288.8960
13               1975         359.9360         359.9360        359.9360        359.9360               359.9360              359.9360              359.9360             359.9360             359.9360                    359.9360
14               1976         531.6910         531.6910        531.6910        531.6910               531.6910              531.6910              531.6910             531.6910             531.6910                    531.6910
15               1977         543.2780         543.2780        543.2780        543.2780               543.2780              543.2780              543.2780             543.2780             543.2780                    543.2780
16               1978         704.4100         704.4100        704.4100        704.4100               704.4100              704.4100              704.4100             704.4100             704.4100                    704.4100
17               1979         471.6190         471.6190        471.6190        471.6190               471.6190              471.6190              471.6190             471.6190             471.6190                    471.6190
18               1980         487.2260         487.2260        487.2260        487.2260               487.2260              487.2260              487.2260             487.2260             487.2260                    487.2260
19               1981         406.4430         406.4430        406.4430        406.4430               406.4430              406.4430              406.4430             406.4430             406.4430                    406.4430
20               1982         664.1480         664.1480        664.1480        664.1480               664.1480              664.1480              664.1480             664.1480             664.1480                    664.1480
21               1983         592.8240         592.8240        592.8240        592.8240               592.8240              592.8240              592.8240             592.8240             592.8240                    592.8240
22               1984         494.4650         494.4650        494.4650        494.4650               494.4650              494.4650              494.4650             494.4650             494.4650                    494.4650
23               1985         691.8610         691.8610        691.8610        691.8610               691.8610              691.8610              691.8610             691.8610             691.8610                    691.8620
24               1986         652.0070         652.0070        652.0070        652.0070               652.0070              652.0070              652.0070             652.0070             652.0070                    652.0070
25               1987         711.4800         711.4800        711.4800        711.4800               711.4800              711.4800              711.4800             711.4800             711.4800                    711.4800
26               1988         468.2920         468.2920        468.2920        468.2920               468.2920              468.2920              468.2920             468.2920             468.2920                    468.2920
27               1989         526.9870         526.9870        526.9870        526.9870               526.9870              526.9870              526.9870             526.9870             526.9870                    526.9870
28               1990         675.8930         675.8930        675.8930        675.8930               675.8930              675.8930              675.8930             675.8930             675.8930                    675.8930
29               1991         358.4110         358.4110        358.4110        358.4110               358.4110              358.4110              358.4110             358.4110             358.4110                    358.4100
30               1992         597.1400         597.1400        597.1400        597.1400               597.1400              597.1400              597.1400             597.1400             597.1400                    597.1400
31               1993         171.0800         171.0800        171.0800        171.0800               171.0800              171.0800              171.0800             171.0800             171.0800                    171.0800
32               1994         478.0650         478.0650        478.0650        478.0650               478.0650              478.0650              478.0650             478.0650             478.0650                    478.0650
33               1995         323.0480         323.0480        323.0480        323.0480               323.0480              323.0480              323.0480             323.0480             323.0480                    323.0480
34               1996         287.3740         287.3740        287.3740        287.3740               287.3740              287.3740              287.3740             287.3740             287.3740                    287.3740
35               1997         410.5330         410.5330        410.5330        410.5330               410.5330              410.5330              410.5330             410.5330             410.5330                    410.5330
36               1998         283.0470         283.0470        283.0470        283.0470               283.0470              283.0470              283.0470             283.0470             283.0470                    283.0470
37               1999         219.0580         219.0580        219.0580        219.0580               219.0580              219.0580              219.0580             219.0580             219.0580                    219.0580
38               2000         398.1700         398.1700        398.1700        398.1700               398.1700              398.1700              398.1700             398.1700             398.1700                    398.1700
39               2001         239.7380         239.7380        239.7380        239.7380               239.7380              239.7380              239.7380             239.7380             239.7380                    239.7380
40               2002         426.7070         426.7070        426.7070        426.7070               426.7070              426.7070              426.7070             426.7070             426.7070                    426.7070
41               2003         338.3150         338.3150        338.3150        338.3150               338.3150              338.3150              338.3150             338.3150             338.3150                    338.3150
42               2004         109.4000         109.4000        109.4000        109.4000               109.4000              109.4000              109.4000             109.4000             109.4000                    109.4000
43               2005         345.8160         345.8160        345.8160        345.8160               345.8160              345.8160              345.8160             345.8160             345.8160                    345.8160
44               2006         126.0420         126.0420        126.0420        126.0420               126.0420              126.0420              126.0420             126.0420             126.0420                    126.0420
45               2007         235.2440         235.2440        235.2440        235.2440               235.2440              235.2440              235.2440             235.2440             235.2440                    235.2440
46               2008         221.1720         221.1720        221.1720        221.1720               221.1720              221.1720              221.1720             221.1720             221.1720                    221.1720
47               2009          91.5585          91.5585         91.5585         91.5585                91.5585               91.5585               91.5585              91.5585              91.5585                     91.5585
48               2010         313.5220         313.5220        313.5220        313.5220               313.5220              313.5220              313.5220             313.5220             313.5220                    313.5220
49               2011         228.6370         228.6370        228.6370        228.6370               228.6370              228.6370              228.6370             228.6370             228.6370                    228.6370
50               2012          89.5255          89.5255         89.5255         89.5255                89.5255               89.5255               89.5255              89.5255              89.5255                     89.5255
51               2013         365.0040         365.0040        365.0040        365.0040               365.0040              365.0040              365.0040             365.0040             365.0040                    365.0040
52               2014         102.1690         102.1690        102.1690        102.1690               102.1690              102.1690              102.1690             102.1690             102.1690                    102.1690
53               2015         196.2860         196.2860        196.2860        196.2860               196.2860              196.2860              196.2860             196.2860             196.2860                    196.2860
54               2016         138.5840         138.5840        138.5840        138.5840               138.5840              138.5840              138.5840             138.5840             138.5840                    138.5840
55               2017         150.0450         150.0450        150.0450        150.0450               150.0450              150.0450              150.0450             150.0450             150.0450                    150.0450
56               2018         299.5380         299.5380        299.5380        299.5380               299.5380              299.5380              299.5380             299.5380             299.5380                    299.5380
57               2019         215.8840         215.8840        215.8840        215.8840               215.8840              215.8840              215.8840             215.8840             215.8840                    215.8840
58               2020         263.5190         263.5190        263.5190        263.5190               263.5190              263.5190              263.5190             263.5190             263.5190                    263.5190
59               2021         310.1990         308.1060        321.0310        309.3220               307.8630              224.8350              224.8350             224.8350             224.8350                    224.8350
60               2022         321.7460         315.1570        338.6960        320.3530               317.7550              224.8350              224.8350             224.8350             224.8350                    224.8350
61               2023         332.0200         323.3600        351.5370        330.3940               327.1330              224.8350              224.8350             224.8350             224.8350                    224.8350
62               2024         338.9450         329.0880        359.8700        337.1780               333.5690              224.8350              224.8350             224.8350             224.8350                    224.8350
63               2025         343.1360         332.5390        364.9460        341.2800               337.4930              224.8350              224.8350             224.8350             224.8350                    224.8350
64               2026         345.7140         334.6900        368.0550        343.8060               339.9310              224.8350              224.8350             224.8350             224.8350                    224.8350
65               2027         347.3190         336.0490        369.9860        345.3820               341.4650              224.8350              224.8350             224.8350             224.8350                    224.8350
66               2028         348.3190         336.9050        371.1940        346.3640               342.4290              224.8350              224.8350             224.8350             224.8350                    224.8350
67               2029         348.9410         337.4420        371.9530        346.9750               343.0340              224.8350              224.8350             224.8350             224.8350                    224.8350
68               2030         349.3290         337.7800        372.4300        347.3550               343.4140              224.8350              224.8350             224.8350             224.8350                    224.8350
69               2031         349.5700         337.9930        372.7310        347.5920               343.6520              224.8350              224.8350             224.8350             224.8350                    224.8350
70               2032         349.7200         338.1260        372.9210        347.7400               343.8010              224.8350              224.8350             224.8350             224.8350                    224.8350
71               2033         349.8130         338.2100        373.0410        347.8310               343.8950              224.8350              224.8350             224.8350             224.8350                    224.8350
72               2034         349.8710         338.2630        373.1170        347.8890               343.9540              224.8350              224.8350             224.8350             224.8350                    224.8350
73               2035         349.9080         338.2960        373.1640        347.9240               343.9910              224.8350              224.8350             224.8350             224.8350                    224.8350
74               2036         349.9300         338.3170        373.1950        347.9470               344.0140              224.8350              224.8350             224.8350             224.8350                    224.8350
75               2037         349.9440         338.3300        373.2140        347.9600               344.0290              224.8350              224.8350             224.8350             224.8350                    224.8350
76               2038         349.9530         338.3380        373.2260        347.9690               344.0380              224.8350              224.8350             224.8350             224.8350                    224.8350
77               2039         349.9590         338.3440        373.2330        347.9740               344.0440              224.8350              224.8350             224.8350             224.8350                    224.8350
78               2040         349.9620         338.3470        373.2380        347.9780               344.0470              224.8350              224.8350             224.8350             224.8350                    224.8350

