AGEPRO VERSION 4.0
[CASEID]
FREBUILD QUOTA Forecast. FSQ=0.64 for 2018-2020 and Frebuild in 2021-2037
[GENERAL]
2018  2037  1  15  1000  1  2  0  62339
[BOOTSTRAP]
100  1000
base_case.BSN
[STOCK_WEIGHT]
0  0
19.1574 31.0295	43.2674	54.9144	65.4218	74.5287	82.171 88.4216 93.437 97.4089 100.529 102.968 104.872 106.356 108.57
0.1 0.1 0.1 0.1 0.1 0.1 0.1 0.1 0.1 0.1 0.1 0.1 0.1 0.1 0.1
[SSB_WEIGHT]
-1 0
[MEAN_WEIGHT]
0  0 
19.1574	31.0295	43.2674	54.9144	65.4218	74.5287	82.171 88.4216 93.437 97.4089 100.529 102.968 104.872 106.356 108.57
0.1 0.1 0.1 0.1 0.1 0.1 0.1 0.1 0.1 0.1 0.1 0.1 0.1 0.1 0.1
[CATCH_WEIGHT]
0  1
34.090	43.634	52.170	60.372	68.227	75.460	81.828	87.232	91.694	95.309	98.201	100.496	102.308	103.735	105.867
34.090	43.634	52.170	60.372	68.227	75.460	81.828	87.232	91.694	95.309	98.201	100.496	102.308	103.735	105.867
34.090	43.634	52.170	60.372	68.227	75.460	81.828	87.232	91.694	95.309	98.201	100.496	102.308	103.735	105.867
34.090	43.634	52.170	60.372	68.227	75.460	81.828	87.232	91.694	95.309	98.201	100.496	102.308	103.735	105.867
34.090	43.634	52.170	60.372	68.227	75.460	81.828	87.232	91.694	95.309	98.201	100.496	102.308	103.735	105.867
34.090	43.634	52.170	60.372	68.227	75.460	81.828	87.232	91.694	95.309	98.201	100.496	102.308	103.735	105.867
34.090	43.634	52.170	60.372	68.227	75.460	81.828	87.232	91.694	95.309	98.201	100.496	102.308	103.735	105.867
34.090	43.634	52.170	60.372	68.227	75.460	81.828	87.232	91.694	95.309	98.201	100.496	102.308	103.735	105.867
34.090	43.634	52.170	60.372	68.227	75.460	81.828	87.232	91.694	95.309	98.201	100.496	102.308	103.735	105.867
34.090	43.634	52.170	60.372	68.227	75.460	81.828	87.232	91.694	95.309	98.201	100.496	102.308	103.735	105.867
34.090	43.634	52.170	60.372	68.227	75.460	81.828	87.232	91.694	95.309	98.201	100.496	102.308	103.735	105.867 
34.090	43.634	52.170	60.372	68.227	75.460	81.828	87.232	91.694	95.309	98.201	100.496	102.308	103.735	105.867
34.090	43.634	52.170	60.372	68.227	75.460	81.828	87.232	91.694	95.309	98.201	100.496	102.308	103.735	105.867
34.090	43.634	52.170	60.372	68.227	75.460	81.828	87.232	91.694	95.309	98.201	100.496	102.308	103.735	105.867
34.090	43.634	52.170	60.372	68.227	75.460	81.828	87.232	91.694	95.309	98.201	100.496	102.308	103.735	105.867
34.090	43.634	52.170	60.372	68.227	75.460	81.828	87.232	91.694	95.309	98.201	100.496	102.308	103.735	105.867
34.090	43.634	52.170	60.372	68.227	75.460	81.828	87.232	91.694	95.309	98.201	100.496	102.308	103.735	105.867
34.090	43.634	52.170	60.372	68.227	75.460	81.828	87.232	91.694	95.309	98.201	100.496	102.308	103.735	105.867
34.090	43.634	52.170	60.372	68.227	75.460	81.828	87.232	91.694	95.309	98.201	100.496	102.308	103.735	105.867
34.090	43.634	52.170	60.372	68.227	75.460	81.828	87.232	91.694	95.309	98.201	100.496	102.308	103.735	105.867
0.1  0.1  0.1  0.1  0.1  0.1  0.1  0.1  0.1 0.1 0.1 0.1 0.1 0.1 0.1
[NATMORT]
0  0
0.47  0.43  0.40  0.38  0.38  0.38  0.38  0.38  0.38 0.38 0.38 0.38 0.38 0.38 0.38
0.1  0.1  0.1  0.1  0.1  0.1  0.1  0.1  0.1 0.1 0.1 0.1 0.1 0.1 0.1
[BIOLOGICAL]
0
0.5
0.5
[MATURITY]
0  0
0.02	0.20	0.65	0.90	0.97	0.99	0.99	1.00	1.00	1.00	1.00	1.00	1.00	1.00	1.00
0.01  0.01  0.01  0.01  0.01 0.01  0.01  0.01  0.01  0.01 0.01  0.01  0.01  0.01  0.01
[FISHERY]
0  0
0.086	0.361	0.678	0.883	0.974	1.000	0.997	0.983	0.967	0.952	0.939	0.928	0.919	0.912	0.901
0.1  0.1  0.1  0.1  0.1  0.1  0.1  0.1  0.1 0.1 0.1 0.1 0.1 0.1 0.1
[RECRUIT]
1000  1000  50
14 14
0.916 0.084
0.916 0.084
0.916 0.084
0.916 0.084
0.916 0.084
0.916 0.084
0.916 0.084
0.916 0.084
0.916 0.084
0.916 0.084
0.916 0.084
0.916 0.084
0.916 0.084
0.916 0.084
0.916 0.084
0.916 0.084
0.916 0.084
0.916 0.084
0.916 0.084
0.916 0.084
5
150.073	67.144	252.335	58.989	141.560
41
332.5937584	466.495102	801.1362441	292.7506924	267.9920053	319.7415012	385.6860388	686.0628924	523.3874855	390.8961039	457.5803562	520.0866326	460.9338823	431.5483521	481.4413091	453.5092534	263.3483678	381.1477477	274.8723447	341.1665101	291.82853	259.0161892	336.9473116	158.7058335	180.6881094	301.2112274	153.6041683	348.6575531	249.7159368	105.557063	314.8856442	87.22755792	134.7311371	161.2921632	60.70721992	239.2805391	150.0727748	67.1438068	252.3350919	58.98923437	141.5595667
[HARVEST]
0 0 0 0 0 0 0 0 0 0 0 0 0 0 0 0 0 0 0 0 
0.64 0.64 0.64 0.3102 0.3102 0.3102 0.3102 0.3102 0.3102 0.3102 0.3102 0.3102 0.3102 0.3102 0.3102 0.3102 0.3102 0.3102 0.3102 0.3102 
[REFPOINT]
3610.2  0  0  0.47
[BOUNDS]
250  1
[OPTIONS]
1  0  1
[SCALE]
1000  1000  1000  
[PERC]
50
